

let sampleCorrMatrix = [{"AAPL":1.0,"AMD":0.4566144471,"AXP":0.6090203562,"BAC":0.5588685631,"C":0.5627304765,"COP":0.4764858535,"COST":0.3830640572,"CVS":0.1241185678,"CVX":0.4539639711,"DE":0.4577218335,"DIS":0.5185692088,"EOG":0.4373023552,"GOOGL":0.5036614988,"GS":0.5938539068,"HD":0.4398459639,"JNJ":0.1010604017,"JPM":0.5268504216,"KMB":0.1254704216,"KO":0.1136221377,"LLY":0.1635569589,"LOW":0.4341574976,"MCD":0.2143521451,"META":0.485667948,"MS":0.5905399793,"MSFT":0.4898739113,"NFLX":0.3438701526,"NKE":0.457493996,"NVDA":0.43848341,"ORCL":0.1563185128,"PEP":0.1940420525,"PFE":0.2882510105,"PG":0.2434513038,"QCOM":0.5692257436,"SLB":0.4741830875,"TGT":0.5119324992,"TSLA":0.5332292391,"UNH":0.0455655631,"WFC":0.5123026259,"WMT":0.4092344422,"XOM":0.3876925226},{"AAPL":0.4566144471,"AMD":1.0,"AXP":0.4678364781,"BAC":0.382806366,"C":0.4740366843,"COP":0.3568789501,"COST":0.1427663048,"CVS":0.0437985405,"CVX":0.332093324,"DE":0.323808584,"DIS":0.4596486468,"EOG":0.3682522701,"GOOGL":0.4841229788,"GS":0.535530869,"HD":0.1881904704,"JNJ":-0.0714378921,"JPM":0.4433160058,"KMB":-0.1154857784,"KO":-0.101728106,"LLY":0.1411062222,"LOW":0.15723575,"MCD":-0.0515894103,"META":0.4710048948,"MS":0.5410863204,"MSFT":0.5184288097,"NFLX":0.3653481095,"NKE":0.3153559664,"NVDA":0.5874038899,"ORCL":0.3384217695,"PEP":-0.0511335461,"PFE":0.0814219465,"PG":-0.1059863207,"QCOM":0.5608887037,"SLB":0.3704028924,"TGT":0.3176504413,"TSLA":0.5171170244,"UNH":0.0609749961,"WFC":0.39428411,"WMT":0.1697545079,"XOM":0.2912314049},{"AAPL":0.6090203562,"AMD":0.4678364781,"AXP":1.0,"BAC":0.771022278,"C":0.7944959901,"COP":0.514466687,"COST":0.3403661931,"CVS":0.1497472861,"CVX":0.4718568752,"DE":0.5026470881,"DIS":0.6749783221,"EOG":0.4777683219,"GOOGL":0.4469031088,"GS":0.8016916187,"HD":0.5356533219,"JNJ":0.000290213,"JPM":0.7434963816,"KMB":0.0681301984,"KO":0.071250119,"LLY":0.2195420493,"LOW":0.5449668679,"MCD":0.1604206695,"META":0.565149672,"MS":0.7898015161,"MSFT":0.4906919458,"NFLX":0.3883501499,"NKE":0.5146035107,"NVDA":0.5141789012,"ORCL":0.2946028794,"PEP":0.1483366357,"PFE":0.303686647,"PG":0.1902732282,"QCOM":0.6188456446,"SLB":0.5219835444,"TGT":0.5132811965,"TSLA":0.5334528535,"UNH":0.1341649566,"WFC":0.7535474906,"WMT":0.3984357675,"XOM":0.4251889023},{"AAPL":0.5588685631,"AMD":0.382806366,"AXP":0.771022278,"BAC":1.0,"C":0.8317650524,"COP":0.5027101638,"COST":0.3126701777,"CVS":0.1157162898,"CVX":0.4528035264,"DE":0.3694363967,"DIS":0.6359124618,"EOG":0.414998414,"GOOGL":0.3763183245,"GS":0.7616742093,"HD":0.4340706641,"JNJ":0.0280476196,"JPM":0.778372121,"KMB":0.0232639559,"KO":0.0416312369,"LLY":0.2287895655,"LOW":0.4352322146,"MCD":0.1130066887,"META":0.4815372248,"MS":0.8229708977,"MSFT":0.3912968183,"NFLX":0.3527695449,"NKE":0.3656752414,"NVDA":0.3997521585,"ORCL":0.2239120521,"PEP":0.0882692808,"PFE":0.2778828353,"PG":0.13642539,"QCOM":0.5196685431,"SLB":0.4486840471,"TGT":0.4664767515,"TSLA":0.447396685,"UNH":0.0754728269,"WFC":0.840093791,"WMT":0.3947532176,"XOM":0.4008474328},{"AAPL":0.5627304765,"AMD":0.4740366843,"AXP":0.7944959901,"BAC":0.8317650524,"C":1.0,"COP":0.4669216419,"COST":0.3129772806,"CVS":0.1385869591,"CVX":0.4035626259,"DE":0.3950917091,"DIS":0.6399577629,"EOG":0.390897807,"GOOGL":0.4283322333,"GS":0.8477710619,"HD":0.467809497,"JNJ":-0.0085256434,"JPM":0.7986342446,"KMB":0.0187811501,"KO":0.0559849023,"LLY":0.2570375314,"LOW":0.4648803122,"MCD":0.132639368,"META":0.5233694698,"MS":0.8558171705,"MSFT":0.4545806295,"NFLX":0.405589235,"NKE":0.4200212982,"NVDA":0.5045619526,"ORCL":0.3049953127,"PEP":0.1007710365,"PFE":0.2290789982,"PG":0.099492406,"QCOM":0.5994787833,"SLB":0.4449644026,"TGT":0.5058473445,"TSLA":0.5091287444,"UNH":0.0607758793,"WFC":0.8176731268,"WMT":0.3979813563,"XOM":0.347463905},{"AAPL":0.4764858535,"AMD":0.3568789501,"AXP":0.514466687,"BAC":0.5027101638,"C":0.4669216419,"COP":1.0,"COST":0.1025422992,"CVS":0.0837462843,"CVX":0.8284900691,"DE":0.4129098302,"DIS":0.4932039163,"EOG":0.8739292084,"GOOGL":0.2439365783,"GS":0.4883996544,"HD":0.2972671159,"JNJ":0.1299577127,"JPM":0.4613601513,"KMB":0.0488497234,"KO":0.0346596876,"LLY":0.1881592455,"LOW":0.3027944164,"MCD":0.1038200203,"META":0.3460202502,"MS":0.4915163285,"MSFT":0.2953532033,"NFLX":0.1437199637,"NKE":0.4069418092,"NVDA":0.3402313819,"ORCL":0.2762800446,"PEP":0.1505094043,"PFE":0.3223578934,"PG":0.1336939933,"QCOM":0.521842093,"SLB":0.7938896965,"TGT":0.4495264305,"TSLA":0.3637693083,"UNH":0.0101415408,"WFC":0.4542795537,"WMT":0.158027338,"XOM":0.8309642061},{"AAPL":0.3830640572,"AMD":0.1427663048,"AXP":0.3403661931,"BAC":0.3126701777,"C":0.3129772806,"COP":0.1025422992,"COST":1.0,"CVS":0.1474350614,"CVX":0.1375538221,"DE":0.1862716282,"DIS":0.2819288112,"EOG":0.12956694,"GOOGL":0.1450378539,"GS":0.3373527949,"HD":0.4436618037,"JNJ":0.1704095331,"JPM":0.343656437,"KMB":0.1789041349,"KO":0.3148750793,"LLY":0.264060818,"LOW":0.346826242,"MCD":0.322028672,"META":0.3578333567,"MS":0.3482214153,"MSFT":0.3077883347,"NFLX":0.3322216962,"NKE":0.1567442226,"NVDA":0.1273307783,"ORCL":0.0260034533,"PEP":0.2157396341,"PFE":0.1292519234,"PG":0.3649595089,"QCOM":0.2233513105,"SLB":0.1332721811,"TGT":0.257122162,"TSLA":0.3357459858,"UNH":0.0869181049,"WFC":0.3294328935,"WMT":0.6729468575,"XOM":0.1073068986},{"AAPL":0.1241185678,"AMD":0.0437985405,"AXP":0.1497472861,"BAC":0.1157162898,"C":0.1385869591,"COP":0.0837462843,"COST":0.1474350614,"CVS":1.0,"CVX":0.1398468082,"DE":0.1948695834,"DIS":0.1492534928,"EOG":0.0838260257,"GOOGL":0.0137484696,"GS":0.1329023545,"HD":0.1139907312,"JNJ":0.138991563,"JPM":0.1844572166,"KMB":0.1049132539,"KO":0.2558759805,"LLY":0.0577122687,"LOW":0.0779016689,"MCD":0.1956217942,"META":0.1173808479,"MS":0.1315217429,"MSFT":0.1484476696,"NFLX":0.1580897884,"NKE":0.0949558014,"NVDA":0.0005624444,"ORCL":0.0789920532,"PEP":0.1406448923,"PFE":0.205921406,"PG":0.124066914,"QCOM":0.13325682,"SLB":0.1634793365,"TGT":0.1092323062,"TSLA":0.1478628424,"UNH":0.3907447033,"WFC":0.1202680991,"WMT":0.1678761277,"XOM":0.0909211801},{"AAPL":0.4539639711,"AMD":0.332093324,"AXP":0.4718568752,"BAC":0.4528035264,"C":0.4035626259,"COP":0.8284900691,"COST":0.1375538221,"CVS":0.1398468082,"CVX":1.0,"DE":0.4051540468,"DIS":0.4380316644,"EOG":0.8180746293,"GOOGL":0.1991105902,"GS":0.4163629047,"HD":0.3015012963,"JNJ":0.1595271975,"JPM":0.4165400993,"KMB":0.1877795559,"KO":0.1416650311,"LLY":0.1562541499,"LOW":0.3252625732,"MCD":0.1690211383,"META":0.2959813934,"MS":0.4115951577,"MSFT":0.2446802377,"NFLX":0.112623719,"NKE":0.3569021179,"NVDA":0.2776274303,"ORCL":0.2176721969,"PEP":0.1903276243,"PFE":0.3399719096,"PG":0.2088420481,"QCOM":0.4803111208,"SLB":0.7678624941,"TGT":0.3882511371,"TSLA":0.2879205159,"UNH":0.0328139968,"WFC":0.4081959958,"WMT":0.156404874,"XOM":0.8550269791},{"AAPL":0.4577218335,"AMD":0.323808584,"AXP":0.5026470881,"BAC":0.3694363967,"C":0.3950917091,"COP":0.4129098302,"COST":0.1862716282,"CVS":0.1948695834,"CVX":0.4051540468,"DE":1.0,"DIS":0.4116376936,"EOG":0.429569002,"GOOGL":0.3177806835,"GS":0.4541505361,"HD":0.3461751941,"JNJ":0.1007680143,"JPM":0.4294349676,"KMB":0.1183404173,"KO":0.1359108775,"LLY":0.0833119715,"LOW":0.3947846913,"MCD":0.2216971039,"META":0.3646625971,"MS":0.4563259341,"MSFT":0.3358655012,"NFLX":0.0810814626,"NKE":0.3790108088,"NVDA":0.2529689124,"ORCL":0.1591832688,"PEP":0.1454262907,"PFE":0.2488569003,"PG":0.232143558,"QCOM":0.3620081494,"SLB":0.5115454746,"TGT":0.3680466775,"TSLA":0.2827783453,"UNH":0.0867698046,"WFC":0.3732557573,"WMT":0.3046570165,"XOM":0.4067093316},{"AAPL":0.5185692088,"AMD":0.4596486468,"AXP":0.6749783221,"BAC":0.6359124618,"C":0.6399577629,"COP":0.4932039163,"COST":0.2819288112,"CVS":0.1492534928,"CVX":0.4380316644,"DE":0.4116376936,"DIS":1.0,"EOG":0.4524961423,"GOOGL":0.2950391601,"GS":0.6594927643,"HD":0.4497958556,"JNJ":0.1381864607,"JPM":0.6326388107,"KMB":0.0995233828,"KO":0.1238039417,"LLY":0.2870525472,"LOW":0.4683405876,"MCD":0.1371013844,"META":0.4868596572,"MS":0.6211179027,"MSFT":0.4263058133,"NFLX":0.3510933542,"NKE":0.4930811054,"NVDA":0.3902776749,"ORCL":0.2395361822,"PEP":0.1804590453,"PFE":0.3176431344,"PG":0.1703674645,"QCOM":0.5615456878,"SLB":0.4812906177,"TGT":0.5312638265,"TSLA":0.4516725537,"UNH":0.0370844964,"WFC":0.5424718431,"WMT":0.3312842682,"XOM":0.3937233146},{"AAPL":0.4373023552,"AMD":0.3682522701,"AXP":0.4777683219,"BAC":0.414998414,"C":0.390897807,"COP":0.8739292084,"COST":0.12956694,"CVS":0.0838260257,"CVX":0.8180746293,"DE":0.429569002,"DIS":0.4524961423,"EOG":1.0,"GOOGL":0.2423311462,"GS":0.4444116072,"HD":0.3026466054,"JNJ":0.0933994038,"JPM":0.4339329901,"KMB":0.0179367082,"KO":0.0249166769,"LLY":0.1693373852,"LOW":0.298807543,"MCD":0.1523970631,"META":0.3432197606,"MS":0.4277512872,"MSFT":0.2819396632,"NFLX":0.1389305275,"NKE":0.3686071521,"NVDA":0.3159894441,"ORCL":0.2816784401,"PEP":0.133123331,"PFE":0.2895849694,"PG":0.0930571279,"QCOM":0.499768368,"SLB":0.7537929573,"TGT":0.4147469566,"TSLA":0.3466493616,"UNH":0.0043139099,"WFC":0.399880156,"WMT":0.1556859798,"XOM":0.8077097551},{"AAPL":0.5036614988,"AMD":0.4841229788,"AXP":0.4469031088,"BAC":0.3763183245,"C":0.4283322333,"COP":0.2439365783,"COST":0.1450378539,"CVS":0.0137484696,"CVX":0.1991105902,"DE":0.3177806835,"DIS":0.2950391601,"EOG":0.2423311462,"GOOGL":1.0,"GS":0.4965371496,"HD":0.2485121796,"JNJ":-0.0479363837,"JPM":0.4303795043,"KMB":-0.0990189014,"KO":-0.129373074,"LLY":0.1238875504,"LOW":0.2526550036,"MCD":0.0581200694,"META":0.4444207928,"MS":0.5047871165,"MSFT":0.4307785254,"NFLX":0.2495680502,"NKE":0.3027554224,"NVDA":0.4784158566,"ORCL":0.2619304601,"PEP":-0.0824746954,"PFE":0.1019539909,"PG":-0.0546326227,"QCOM":0.4588986263,"SLB":0.3322151265,"TGT":0.2366283907,"TSLA":0.5474830468,"UNH":0.1089326132,"WFC":0.380318868,"WMT":0.1870107707,"XOM":0.1641988899},{"AAPL":0.5938539068,"AMD":0.535530869,"AXP":0.8016916187,"BAC":0.7616742093,"C":0.8477710619,"COP":0.4883996544,"COST":0.3373527949,"CVS":0.1329023545,"CVX":0.4163629047,"DE":0.4541505361,"DIS":0.6594927643,"EOG":0.4444116072,"GOOGL":0.4965371496,"GS":1.0,"HD":0.4688329578,"JNJ":0.0179204613,"JPM":0.8347969594,"KMB":0.0356899692,"KO":0.0403893618,"LLY":0.290397742,"LOW":0.4433361951,"MCD":0.1065272213,"META":0.5651681198,"MS":0.9178893109,"MSFT":0.5477353772,"NFLX":0.4500019695,"NKE":0.4196868799,"NVDA":0.5721247975,"ORCL":0.3931296248,"PEP":0.06449036,"PFE":0.2726242195,"PG":0.0810343605,"QCOM":0.5972029455,"SLB":0.4880150223,"TGT":0.4544793859,"TSLA":0.5604380081,"UNH":0.0352805712,"WFC":0.7678526837,"WMT":0.3805412665,"XOM":0.3715926184},{"AAPL":0.4398459639,"AMD":0.1881904704,"AXP":0.5356533219,"BAC":0.4340706641,"C":0.467809497,"COP":0.2972671159,"COST":0.4436618037,"CVS":0.1139907312,"CVX":0.3015012963,"DE":0.3461751941,"DIS":0.4497958556,"EOG":0.3026466054,"GOOGL":0.2485121796,"GS":0.4688329578,"HD":1.0,"JNJ":0.2289870254,"JPM":0.3948063068,"KMB":0.2584687734,"KO":0.2444064161,"LLY":0.2664884046,"LOW":0.8884994347,"MCD":0.3151070848,"META":0.3436227571,"MS":0.4561773242,"MSFT":0.2519124676,"NFLX":0.0708785497,"NKE":0.4597695703,"NVDA":0.1650326526,"ORCL":0.0740269355,"PEP":0.3264346295,"PFE":0.3272806888,"PG":0.3400810141,"QCOM":0.4044385519,"SLB":0.3794754163,"TGT":0.5842102175,"TSLA":0.3102270825,"UNH":0.1244407769,"WFC":0.413420467,"WMT":0.4466222557,"XOM":0.2413521726},{"AAPL":0.1010604017,"AMD":-0.0714378921,"AXP":0.000290213,"BAC":0.0280476196,"C":-0.0085256434,"COP":0.1299577127,"COST":0.1704095331,"CVS":0.138991563,"CVX":0.1595271975,"DE":0.1007680143,"DIS":0.1381864607,"EOG":0.0933994038,"GOOGL":-0.0479363837,"GS":0.0179204613,"HD":0.2289870254,"JNJ":1.0,"JPM":0.0810170876,"KMB":0.4082068142,"KO":0.4193747345,"LLY":0.3153629752,"LOW":0.2384517622,"MCD":0.3428932185,"META":-0.1644208871,"MS":0.0018617768,"MSFT":-0.1612183589,"NFLX":-0.0828371136,"NKE":0.0941949867,"NVDA":-0.2555587069,"ORCL":-0.1350604046,"PEP":0.4461546941,"PFE":0.4623498617,"PG":0.4501817857,"QCOM":0.1001453772,"SLB":0.1567203701,"TGT":0.1263330703,"TSLA":-0.026897575,"UNH":0.1127604626,"WFC":0.0317793058,"WMT":0.1119745172,"XOM":0.1813268664},{"AAPL":0.5268504216,"AMD":0.4433160058,"AXP":0.7434963816,"BAC":0.778372121,"C":0.7986342446,"COP":0.4613601513,"COST":0.343656437,"CVS":0.1844572166,"CVX":0.4165400993,"DE":0.4294349676,"DIS":0.6326388107,"EOG":0.4339329901,"GOOGL":0.4303795043,"GS":0.8347969594,"HD":0.3948063068,"JNJ":0.0810170876,"JPM":1.0,"KMB":0.0585269892,"KO":0.0969832282,"LLY":0.2991344768,"LOW":0.3796607158,"MCD":0.1443122157,"META":0.5053600053,"MS":0.8237508601,"MSFT":0.4819202928,"NFLX":0.3696741125,"NKE":0.3332459201,"NVDA":0.4773085434,"ORCL":0.3082262326,"PEP":0.1017279892,"PFE":0.2433152297,"PG":0.1514541961,"QCOM":0.5420922029,"SLB":0.4395944553,"TGT":0.3932036887,"TSLA":0.5046528507,"UNH":0.0710518319,"WFC":0.7453407485,"WMT":0.3956869916,"XOM":0.3567173921},{"AAPL":0.1254704216,"AMD":-0.1154857784,"AXP":0.0681301984,"BAC":0.0232639559,"C":0.0187811501,"COP":0.0488497234,"COST":0.1789041349,"CVS":0.1049132539,"CVX":0.1877795559,"DE":0.1183404173,"DIS":0.0995233828,"EOG":0.0179367082,"GOOGL":-0.0990189014,"GS":0.0356899692,"HD":0.2584687734,"JNJ":0.4082068142,"JPM":0.0585269892,"KMB":1.0,"KO":0.5321520206,"LLY":0.0714693861,"LOW":0.295468095,"MCD":0.3950549544,"META":-0.0952770121,"MS":-0.0042553301,"MSFT":-0.077141808,"NFLX":-0.0258109913,"NKE":0.1598089893,"NVDA":-0.1806516048,"ORCL":-0.1199840856,"PEP":0.4700896831,"PFE":0.2791679646,"PG":0.6104297948,"QCOM":0.095701718,"SLB":0.0763232842,"TGT":0.207431024,"TSLA":-0.0561611161,"UNH":0.0624879147,"WFC":-0.0342945074,"WMT":0.183608759,"XOM":0.1141479788},{"AAPL":0.1136221377,"AMD":-0.101728106,"AXP":0.071250119,"BAC":0.0416312369,"C":0.0559849023,"COP":0.0346596876,"COST":0.3148750793,"CVS":0.2558759805,"CVX":0.1416650311,"DE":0.1359108775,"DIS":0.1238039417,"EOG":0.0249166769,"GOOGL":-0.129373074,"GS":0.0403893618,"HD":0.2444064161,"JNJ":0.4193747345,"JPM":0.0969832282,"KMB":0.5321520206,"KO":1.0,"LLY":0.1287638414,"LOW":0.2251954589,"MCD":0.4981229001,"META":-0.1222044946,"MS":0.0275321365,"MSFT":-0.1139538783,"NFLX":0.0686768964,"NKE":0.0758624635,"NVDA":-0.2342677664,"ORCL":-0.1054405882,"PEP":0.5910781662,"PFE":0.2983843182,"PG":0.6170879948,"QCOM":0.0636431316,"SLB":0.1087586329,"TGT":0.1178474452,"TSLA":-0.0677160933,"UNH":0.0346639427,"WFC":-0.0025513249,"WMT":0.2463463174,"XOM":0.1286608867},{"AAPL":0.1635569589,"AMD":0.1411062222,"AXP":0.2195420493,"BAC":0.2287895655,"C":0.2570375314,"COP":0.1881592455,"COST":0.264060818,"CVS":0.0577122687,"CVX":0.1562541499,"DE":0.0833119715,"DIS":0.2870525472,"EOG":0.1693373852,"GOOGL":0.1238875504,"GS":0.290397742,"HD":0.2664884046,"JNJ":0.3153629752,"JPM":0.2991344768,"KMB":0.0714693861,"KO":0.1287638414,"LLY":1.0,"LOW":0.2535131837,"MCD":0.1242796701,"META":0.1470830102,"MS":0.2792947333,"MSFT":0.0435159981,"NFLX":0.1235947438,"NKE":0.245121716,"NVDA":0.1135699731,"ORCL":0.1040124007,"PEP":0.0862122786,"PFE":0.407521611,"PG":0.2133265448,"QCOM":0.3127710164,"SLB":0.1951991934,"TGT":0.2300965028,"TSLA":0.2070193195,"UNH":-0.0375047111,"WFC":0.2518447086,"WMT":0.1913598357,"XOM":0.1284489376},{"AAPL":0.4341574976,"AMD":0.15723575,"AXP":0.5449668679,"BAC":0.4352322146,"C":0.4648803122,"COP":0.3027944164,"COST":0.346826242,"CVS":0.0779016689,"CVX":0.3252625732,"DE":0.3947846913,"DIS":0.4683405876,"EOG":0.298807543,"GOOGL":0.2526550036,"GS":0.4433361951,"HD":0.8884994347,"JNJ":0.2384517622,"JPM":0.3796607158,"KMB":0.295468095,"KO":0.2251954589,"LLY":0.2535131837,"LOW":1.0,"MCD":0.3153659776,"META":0.3143429573,"MS":0.4422569496,"MSFT":0.2055260998,"NFLX":0.0085369483,"NKE":0.5045741576,"NVDA":0.1515521228,"ORCL":0.0909573791,"PEP":0.3253459026,"PFE":0.3592470915,"PG":0.359619034,"QCOM":0.4233478697,"SLB":0.3897343772,"TGT":0.5909028822,"TSLA":0.2733674855,"UNH":0.1250202451,"WFC":0.3925244159,"WMT":0.4040529201,"XOM":0.2627879624},{"AAPL":0.2143521451,"AMD":-0.0515894103,"AXP":0.1604206695,"BAC":0.1130066887,"C":0.132639368,"COP":0.1038200203,"COST":0.322028672,"CVS":0.1956217942,"CVX":0.1690211383,"DE":0.2216971039,"DIS":0.1371013844,"EOG":0.1523970631,"GOOGL":0.0581200694,"GS":0.1065272213,"HD":0.3151070848,"JNJ":0.3428932185,"JPM":0.1443122157,"KMB":0.3950549544,"KO":0.4981229001,"LLY":0.1242796701,"LOW":0.3153659776,"MCD":1.0,"META":0.0110012559,"MS":0.0962881763,"MSFT":0.0089776733,"NFLX":0.0600953919,"NKE":0.136271747,"NVDA":-0.1128001712,"ORCL":-0.0918549207,"PEP":0.428866581,"PFE":0.2381666105,"PG":0.4737998725,"QCOM":0.1929330748,"SLB":0.1731873739,"TGT":0.1687861527,"TSLA":0.0337435263,"UNH":0.1775364376,"WFC":0.0969290956,"WMT":0.3267573052,"XOM":0.2049619915},{"AAPL":0.485667948,"AMD":0.4710048948,"AXP":0.565149672,"BAC":0.4815372248,"C":0.5233694698,"COP":0.3460202502,"COST":0.3578333567,"CVS":0.1173808479,"CVX":0.2959813934,"DE":0.3646625971,"DIS":0.4868596572,"EOG":0.3432197606,"GOOGL":0.4444207928,"GS":0.5651681198,"HD":0.3436227571,"JNJ":-0.1644208871,"JPM":0.5053600053,"KMB":-0.0952770121,"KO":-0.1222044946,"LLY":0.1470830102,"LOW":0.3143429573,"MCD":0.0110012559,"META":1.0,"MS":0.5846326804,"MSFT":0.6500644025,"NFLX":0.3895605865,"NKE":0.3387062792,"NVDA":0.538918252,"ORCL":0.3164361906,"PEP":-0.0941787189,"PFE":0.0758520004,"PG":-0.0548185518,"QCOM":0.4410563518,"SLB":0.3556221391,"TGT":0.3601523354,"TSLA":0.5171126957,"UNH":0.0441366274,"WFC":0.5000554236,"WMT":0.343389603,"XOM":0.2124403806},{"AAPL":0.5905399793,"AMD":0.5410863204,"AXP":0.7898015161,"BAC":0.8229708977,"C":0.8558171705,"COP":0.4915163285,"COST":0.3482214153,"CVS":0.1315217429,"CVX":0.4115951577,"DE":0.4563259341,"DIS":0.6211179027,"EOG":0.4277512872,"GOOGL":0.5047871165,"GS":0.9178893109,"HD":0.4561773242,"JNJ":0.0018617768,"JPM":0.8237508601,"KMB":-0.0042553301,"KO":0.0275321365,"LLY":0.2792947333,"LOW":0.4422569496,"MCD":0.0962881763,"META":0.5846326804,"MS":1.0,"MSFT":0.5476709702,"NFLX":0.4276955824,"NKE":0.4062122184,"NVDA":0.58243611,"ORCL":0.3894129137,"PEP":0.0604250934,"PFE":0.2559970418,"PG":0.0550369465,"QCOM":0.5999370899,"SLB":0.4763619597,"TGT":0.4505584511,"TSLA":0.5526147595,"UNH":0.0308616878,"WFC":0.8039163393,"WMT":0.4231227042,"XOM":0.3541409175},{"AAPL":0.4898739113,"AMD":0.5184288097,"AXP":0.4906919458,"BAC":0.3912968183,"C":0.4545806295,"COP":0.2953532033,"COST":0.3077883347,"CVS":0.1484476696,"CVX":0.2446802377,"DE":0.3358655012,"DIS":0.4263058133,"EOG":0.2819396632,"GOOGL":0.4307785254,"GS":0.5477353772,"HD":0.2519124676,"JNJ":-0.1612183589,"JPM":0.4819202928,"KMB":-0.077141808,"KO":-0.1139538783,"LLY":0.0435159981,"LOW":0.2055260998,"MCD":0.0089776733,"META":0.6500644025,"MS":0.5476709702,"MSFT":1.0,"NFLX":0.43738789,"NKE":0.2153485085,"NVDA":0.6386289393,"ORCL":0.3875535849,"PEP":-0.0789874785,"PFE":0.0244608151,"PG":-0.0359153907,"QCOM":0.3687072571,"SLB":0.2794594369,"TGT":0.2587797893,"TSLA":0.4813620286,"UNH":0.0510489952,"WFC":0.4240093817,"WMT":0.3097272385,"XOM":0.1849045941},{"AAPL":0.3438701526,"AMD":0.3653481095,"AXP":0.3883501499,"BAC":0.3527695449,"C":0.405589235,"COP":0.1437199637,"COST":0.3322216962,"CVS":0.1580897884,"CVX":0.112623719,"DE":0.0810814626,"DIS":0.3510933542,"EOG":0.1389305275,"GOOGL":0.2495680502,"GS":0.4500019695,"HD":0.0708785497,"JNJ":-0.0828371136,"JPM":0.3696741125,"KMB":-0.0258109913,"KO":0.0686768964,"LLY":0.1235947438,"LOW":0.0085369483,"MCD":0.0600953919,"META":0.3895605865,"MS":0.4276955824,"MSFT":0.43738789,"NFLX":1.0,"NKE":0.1321407415,"NVDA":0.3979574397,"ORCL":0.2638731189,"PEP":-0.0284320877,"PFE":0.0059781601,"PG":0.0443054332,"QCOM":0.3209680992,"SLB":0.0415997644,"TGT":0.0905144106,"TSLA":0.3134359429,"UNH":-0.0159493913,"WFC":0.3530291406,"WMT":0.254489117,"XOM":0.0894054695},{"AAPL":0.457493996,"AMD":0.3153559664,"AXP":0.5146035107,"BAC":0.3656752414,"C":0.4200212982,"COP":0.4069418092,"COST":0.1567442226,"CVS":0.0949558014,"CVX":0.3569021179,"DE":0.3790108088,"DIS":0.4930811054,"EOG":0.3686071521,"GOOGL":0.3027554224,"GS":0.4196868799,"HD":0.4597695703,"JNJ":0.0941949867,"JPM":0.3332459201,"KMB":0.1598089893,"KO":0.0758624635,"LLY":0.245121716,"LOW":0.5045741576,"MCD":0.136271747,"META":0.3387062792,"MS":0.4062122184,"MSFT":0.2153485085,"NFLX":0.1321407415,"NKE":1.0,"NVDA":0.210469375,"ORCL":0.2073110402,"PEP":0.2572826411,"PFE":0.3376729297,"PG":0.2218600186,"QCOM":0.4717850361,"SLB":0.4333477495,"TGT":0.6168060565,"TSLA":0.2850034593,"UNH":0.006706806,"WFC":0.3084839761,"WMT":0.2520174483,"XOM":0.305707276},{"AAPL":0.43848341,"AMD":0.5874038899,"AXP":0.5141789012,"BAC":0.3997521585,"C":0.5045619526,"COP":0.3402313819,"COST":0.1273307783,"CVS":0.0005624444,"CVX":0.2776274303,"DE":0.2529689124,"DIS":0.3902776749,"EOG":0.3159894441,"GOOGL":0.4784158566,"GS":0.5721247975,"HD":0.1650326526,"JNJ":-0.2555587069,"JPM":0.4773085434,"KMB":-0.1806516048,"KO":-0.2342677664,"LLY":0.1135699731,"LOW":0.1515521228,"MCD":-0.1128001712,"META":0.538918252,"MS":0.58243611,"MSFT":0.6386289393,"NFLX":0.3979574397,"NKE":0.210469375,"NVDA":1.0,"ORCL":0.5320821937,"PEP":-0.1672647113,"PFE":0.0416533349,"PG":-0.1958918755,"QCOM":0.5282480565,"SLB":0.301741409,"TGT":0.2237035411,"TSLA":0.525685362,"UNH":0.0114535431,"WFC":0.408503353,"WMT":0.1388793398,"XOM":0.1809488322},{"AAPL":0.1563185128,"AMD":0.3384217695,"AXP":0.2946028794,"BAC":0.2239120521,"C":0.3049953127,"COP":0.2762800446,"COST":0.0260034533,"CVS":0.0789920532,"CVX":0.2176721969,"DE":0.1591832688,"DIS":0.2395361822,"EOG":0.2816784401,"GOOGL":0.2619304601,"GS":0.3931296248,"HD":0.0740269355,"JNJ":-0.1350604046,"JPM":0.3082262326,"KMB":-0.1199840856,"KO":-0.1054405882,"LLY":0.1040124007,"LOW":0.0909573791,"MCD":-0.0918549207,"META":0.3164361906,"MS":0.3894129137,"MSFT":0.3875535849,"NFLX":0.2638731189,"NKE":0.2073110402,"NVDA":0.5320821937,"ORCL":1.0,"PEP":-0.0164953503,"PFE":0.0627090729,"PG":-0.1151809583,"QCOM":0.3042912103,"SLB":0.2225671554,"TGT":0.1515956272,"TSLA":0.3224476998,"UNH":0.0230616197,"WFC":0.2283907187,"WMT":0.0554433169,"XOM":0.1547681914},{"AAPL":0.1940420525,"AMD":-0.0511335461,"AXP":0.1483366357,"BAC":0.0882692808,"C":0.1007710365,"COP":0.1505094043,"COST":0.2157396341,"CVS":0.1406448923,"CVX":0.1903276243,"DE":0.1454262907,"DIS":0.1804590453,"EOG":0.133123331,"GOOGL":-0.0824746954,"GS":0.06449036,"HD":0.3264346295,"JNJ":0.4461546941,"JPM":0.1017279892,"KMB":0.4700896831,"KO":0.5910781662,"LLY":0.0862122786,"LOW":0.3253459026,"MCD":0.428866581,"META":-0.0941787189,"MS":0.0604250934,"MSFT":-0.0789874785,"NFLX":-0.0284320877,"NKE":0.2572826411,"NVDA":-0.1672647113,"ORCL":-0.0164953503,"PEP":1.0,"PFE":0.3772568047,"PG":0.5834975587,"QCOM":0.1115701903,"SLB":0.1950238908,"TGT":0.2997194345,"TSLA":0.0096885525,"UNH":0.0538891285,"WFC":0.041534761,"WMT":0.1433690809,"XOM":0.1482935709},{"AAPL":0.2882510105,"AMD":0.0814219465,"AXP":0.303686647,"BAC":0.2778828353,"C":0.2290789982,"COP":0.3223578934,"COST":0.1292519234,"CVS":0.205921406,"CVX":0.3399719096,"DE":0.2488569003,"DIS":0.3176431344,"EOG":0.2895849694,"GOOGL":0.1019539909,"GS":0.2726242195,"HD":0.3272806888,"JNJ":0.4623498617,"JPM":0.2433152297,"KMB":0.2791679646,"KO":0.2983843182,"LLY":0.407521611,"LOW":0.3592470915,"MCD":0.2381666105,"META":0.0758520004,"MS":0.2559970418,"MSFT":0.0244608151,"NFLX":0.0059781601,"NKE":0.3376729297,"NVDA":0.0416533349,"ORCL":0.0627090729,"PEP":0.3772568047,"PFE":1.0,"PG":0.3414782416,"QCOM":0.3532673912,"SLB":0.3827628542,"TGT":0.4113588013,"TSLA":0.1579461046,"UNH":0.1655032235,"WFC":0.2266170996,"WMT":0.0830860981,"XOM":0.2618477625},{"AAPL":0.2434513038,"AMD":-0.1059863207,"AXP":0.1902732282,"BAC":0.13642539,"C":0.099492406,"COP":0.1336939933,"COST":0.3649595089,"CVS":0.124066914,"CVX":0.2088420481,"DE":0.232143558,"DIS":0.1703674645,"EOG":0.0930571279,"GOOGL":-0.0546326227,"GS":0.0810343605,"HD":0.3400810141,"JNJ":0.4501817857,"JPM":0.1514541961,"KMB":0.6104297948,"KO":0.6170879948,"LLY":0.2133265448,"LOW":0.359619034,"MCD":0.4737998725,"META":-0.0548185518,"MS":0.0550369465,"MSFT":-0.0359153907,"NFLX":0.0443054332,"NKE":0.2218600186,"NVDA":-0.1958918755,"ORCL":-0.1151809583,"PEP":0.5834975587,"PFE":0.3414782416,"PG":1.0,"QCOM":0.1231987012,"SLB":0.1995429573,"TGT":0.2295431121,"TSLA":0.0402699841,"UNH":0.0665720388,"WFC":0.0833603359,"WMT":0.3372287789,"XOM":0.2166162977},{"AAPL":0.5692257436,"AMD":0.5608887037,"AXP":0.6188456446,"BAC":0.5196685431,"C":0.5994787833,"COP":0.521842093,"COST":0.2233513105,"CVS":0.13325682,"CVX":0.4803111208,"DE":0.3620081494,"DIS":0.5615456878,"EOG":0.499768368,"GOOGL":0.4588986263,"GS":0.5972029455,"HD":0.4044385519,"JNJ":0.1001453772,"JPM":0.5420922029,"KMB":0.095701718,"KO":0.0636431316,"LLY":0.3127710164,"LOW":0.4233478697,"MCD":0.1929330748,"META":0.4410563518,"MS":0.5999370899,"MSFT":0.3687072571,"NFLX":0.3209680992,"NKE":0.4717850361,"NVDA":0.5282480565,"ORCL":0.3042912103,"PEP":0.1115701903,"PFE":0.3532673912,"PG":0.1231987012,"QCOM":1.0,"SLB":0.5499254243,"TGT":0.5333222345,"TSLA":0.5390974763,"UNH":0.1739309327,"WFC":0.5059854925,"WMT":0.2502730113,"XOM":0.4101770394},{"AAPL":0.4741830875,"AMD":0.3704028924,"AXP":0.5219835444,"BAC":0.4486840471,"C":0.4449644026,"COP":0.7938896965,"COST":0.1332721811,"CVS":0.1634793365,"CVX":0.7678624941,"DE":0.5115454746,"DIS":0.4812906177,"EOG":0.7537929573,"GOOGL":0.3322151265,"GS":0.4880150223,"HD":0.3794754163,"JNJ":0.1567203701,"JPM":0.4395944553,"KMB":0.0763232842,"KO":0.1087586329,"LLY":0.1951991934,"LOW":0.3897343772,"MCD":0.1731873739,"META":0.3556221391,"MS":0.4763619597,"MSFT":0.2794594369,"NFLX":0.0415997644,"NKE":0.4333477495,"NVDA":0.301741409,"ORCL":0.2225671554,"PEP":0.1950238908,"PFE":0.3827628542,"PG":0.1995429573,"QCOM":0.5499254243,"SLB":1.0,"TGT":0.4777035378,"TSLA":0.3891287547,"UNH":0.0634463116,"WFC":0.434733121,"WMT":0.1645521221,"XOM":0.776311284},{"AAPL":0.5119324992,"AMD":0.3176504413,"AXP":0.5132811965,"BAC":0.4664767515,"C":0.5058473445,"COP":0.4495264305,"COST":0.257122162,"CVS":0.1092323062,"CVX":0.3882511371,"DE":0.3680466775,"DIS":0.5312638265,"EOG":0.4147469566,"GOOGL":0.2366283907,"GS":0.4544793859,"HD":0.5842102175,"JNJ":0.1263330703,"JPM":0.3932036887,"KMB":0.207431024,"KO":0.1178474452,"LLY":0.2300965028,"LOW":0.5909028822,"MCD":0.1687861527,"META":0.3601523354,"MS":0.4505584511,"MSFT":0.2587797893,"NFLX":0.0905144106,"NKE":0.6168060565,"NVDA":0.2237035411,"ORCL":0.1515956272,"PEP":0.2997194345,"PFE":0.4113588013,"PG":0.2295431121,"QCOM":0.5333222345,"SLB":0.4777035378,"TGT":1.0,"TSLA":0.3324757847,"UNH":0.0917961834,"WFC":0.4060989146,"WMT":0.3275576145,"XOM":0.3268885688},{"AAPL":0.5332292391,"AMD":0.5171170244,"AXP":0.5334528535,"BAC":0.447396685,"C":0.5091287444,"COP":0.3637693083,"COST":0.3357459858,"CVS":0.1478628424,"CVX":0.2879205159,"DE":0.2827783453,"DIS":0.4516725537,"EOG":0.3466493616,"GOOGL":0.5474830468,"GS":0.5604380081,"HD":0.3102270825,"JNJ":-0.026897575,"JPM":0.5046528507,"KMB":-0.0561611161,"KO":-0.0677160933,"LLY":0.2070193195,"LOW":0.2733674855,"MCD":0.0337435263,"META":0.5171126957,"MS":0.5526147595,"MSFT":0.4813620286,"NFLX":0.3134359429,"NKE":0.2850034593,"NVDA":0.525685362,"ORCL":0.3224476998,"PEP":0.0096885525,"PFE":0.1579461046,"PG":0.0402699841,"QCOM":0.5390974763,"SLB":0.3891287547,"TGT":0.3324757847,"TSLA":1.0,"UNH":0.062600087,"WFC":0.498523582,"WMT":0.2999615382,"XOM":0.2317505818},{"AAPL":0.0455655631,"AMD":0.0609749961,"AXP":0.1341649566,"BAC":0.0754728269,"C":0.0607758793,"COP":0.0101415408,"COST":0.0869181049,"CVS":0.3907447033,"CVX":0.0328139968,"DE":0.0867698046,"DIS":0.0370844964,"EOG":0.0043139099,"GOOGL":0.1089326132,"GS":0.0352805712,"HD":0.1244407769,"JNJ":0.1127604626,"JPM":0.0710518319,"KMB":0.0624879147,"KO":0.0346639427,"LLY":-0.0375047111,"LOW":0.1250202451,"MCD":0.1775364376,"META":0.0441366274,"MS":0.0308616878,"MSFT":0.0510489952,"NFLX":-0.0159493913,"NKE":0.006706806,"NVDA":0.0114535431,"ORCL":0.0230616197,"PEP":0.0538891285,"PFE":0.1655032235,"PG":0.0665720388,"QCOM":0.1739309327,"SLB":0.0634463116,"TGT":0.0917961834,"TSLA":0.062600087,"UNH":1.0,"WFC":0.0647501167,"WMT":0.0816096873,"XOM":-0.0096407688},{"AAPL":0.5123026259,"AMD":0.39428411,"AXP":0.7535474906,"BAC":0.840093791,"C":0.8176731268,"COP":0.4542795537,"COST":0.3294328935,"CVS":0.1202680991,"CVX":0.4081959958,"DE":0.3732557573,"DIS":0.5424718431,"EOG":0.399880156,"GOOGL":0.380318868,"GS":0.7678526837,"HD":0.413420467,"JNJ":0.0317793058,"JPM":0.7453407485,"KMB":-0.0342945074,"KO":-0.0025513249,"LLY":0.2518447086,"LOW":0.3925244159,"MCD":0.0969290956,"META":0.5000554236,"MS":0.8039163393,"MSFT":0.4240093817,"NFLX":0.3530291406,"NKE":0.3084839761,"NVDA":0.408503353,"ORCL":0.2283907187,"PEP":0.041534761,"PFE":0.2266170996,"PG":0.0833603359,"QCOM":0.5059854925,"SLB":0.434733121,"TGT":0.4060989146,"TSLA":0.498523582,"UNH":0.0647501167,"WFC":1.0,"WMT":0.389587876,"XOM":0.3452816111},{"AAPL":0.4092344422,"AMD":0.1697545079,"AXP":0.3984357675,"BAC":0.3947532176,"C":0.3979813563,"COP":0.158027338,"COST":0.6729468575,"CVS":0.1678761277,"CVX":0.156404874,"DE":0.3046570165,"DIS":0.3312842682,"EOG":0.1556859798,"GOOGL":0.1870107707,"GS":0.3805412665,"HD":0.4466222557,"JNJ":0.1119745172,"JPM":0.3956869916,"KMB":0.183608759,"KO":0.2463463174,"LLY":0.1913598357,"LOW":0.4040529201,"MCD":0.3267573052,"META":0.343389603,"MS":0.4231227042,"MSFT":0.3097272385,"NFLX":0.254489117,"NKE":0.2520174483,"NVDA":0.1388793398,"ORCL":0.0554433169,"PEP":0.1433690809,"PFE":0.0830860981,"PG":0.3372287789,"QCOM":0.2502730113,"SLB":0.1645521221,"TGT":0.3275576145,"TSLA":0.2999615382,"UNH":0.0816096873,"WFC":0.389587876,"WMT":1.0,"XOM":0.1205692586},{"AAPL":0.3876925226,"AMD":0.2912314049,"AXP":0.4251889023,"BAC":0.4008474328,"C":0.347463905,"COP":0.8309642061,"COST":0.1073068986,"CVS":0.0909211801,"CVX":0.8550269791,"DE":0.4067093316,"DIS":0.3937233146,"EOG":0.8077097551,"GOOGL":0.1641988899,"GS":0.3715926184,"HD":0.2413521726,"JNJ":0.1813268664,"JPM":0.3567173921,"KMB":0.1141479788,"KO":0.1286608867,"LLY":0.1284489376,"LOW":0.2627879624,"MCD":0.2049619915,"META":0.2124403806,"MS":0.3541409175,"MSFT":0.1849045941,"NFLX":0.0894054695,"NKE":0.305707276,"NVDA":0.1809488322,"ORCL":0.1547681914,"PEP":0.1482935709,"PFE":0.2618477625,"PG":0.2166162977,"QCOM":0.4101770394,"SLB":0.776311284,"TGT":0.3268885688,"TSLA":0.2317505818,"UNH":-0.0096407688,"WFC":0.3452816111,"WMT":0.1205692586,"XOM":1.0}]